[gd_scene load_steps=10 format=2]

[ext_resource path="res://scripts/Level.gd" type="Script" id=1]
[ext_resource path="res://assets/Player.tscn" type="PackedScene" id=2]
[ext_resource path="res://scripts/Player.gd" type="Script" id=3]
[ext_resource path="res://assets/env.tres" type="Environment" id=4]
[ext_resource path="res://scripts/Camera.gd" type="Script" id=5]
[ext_resource path="res://assets/Block.tscn" type="PackedScene" id=6]

[sub_resource type="BoxShape" id=1]
extents = Vector3( 25, 1, 25 )

[sub_resource type="SpatialMaterial" id=2]
albedo_color = Color( 0.239216, 0.647059, 0.0313726, 1 )

[sub_resource type="CubeMesh" id=3]
material = SubResource( 2 )
size = Vector3( 50, 2, 50 )

[node name="Level" type="Spatial"]
script = ExtResource( 1 )

[node name="Floor" type="StaticBody" parent="."]

[node name="CollisionShape" type="CollisionShape" parent="Floor"]
shape = SubResource( 1 )

[node name="MeshInstance" type="MeshInstance" parent="Floor"]
transform = Transform( 1, 0, 0, 0, 1, 0, 0, 0, 1, 0.0144806, 0.070097, -0.00324059 )
mesh = SubResource( 3 )
material/0 = null

[node name="Player" parent="." instance=ExtResource( 2 )]
transform = Transform( 1, 0, 0, 0, 1, 0, 0, 0, 1, 0, 2, 0 )
script = ExtResource( 3 )

[node name="DirectionalLight" type="DirectionalLight" parent="."]
transform = Transform( -0.469789, -0.0832573, 0.878844, 0.152142, 0.97301, 0.173506, -0.86957, 0.21522, -0.444442, 22.0644, 4.89155, -22.1524 )
light_color = Color( 0.937255, 0.945098, 0.0352941, 1 )
light_energy = 1.19
shadow_enabled = true

[node name="Camera" type="Camera" parent="."]
transform = Transform( 1, 0, 0, 0, 1, 0, 0, 0, 1, 0, 4.04526, 10.5362 )
environment = ExtResource( 4 )
current = true
script = ExtResource( 5 )

[node name="StaticBody" parent="." instance=ExtResource( 6 )]
transform = Transform( 0.350647, 0, 0, 0, 1, 0, 0, 0, 16.8368, -8.58295, 2, 0 )

[node name="StaticBody5" parent="." instance=ExtResource( 6 )]
transform = Transform( 0.350647, 0, 0, 0, 1, 0, 0, 0, 16.8368, -13.2126, 2, 0 )

[node name="StaticBody6" parent="." instance=ExtResource( 6 )]
transform = Transform( 0.350647, 0, 0, 0, 1, 0, 0, 0, 16.8368, -17.9572, 2, 0 )

[node name="StaticBody4" parent="." instance=ExtResource( 6 )]
transform = Transform( 1, 0, 0, 0, 0.812461, -0.583015, 0, 0.583015, 0.812461, 0, 1.2498, -6 )

[node name="StaticBody2" parent="." instance=ExtResource( 6 )]
transform = Transform( 1, 0, 0, 0, 0.820691, -0.571373, 0, 0.571373, 0.820691, 0, 2.39831, -7.62124 )

[node name="StaticBody3" parent="." instance=ExtResource( 6 )]
transform = Transform( 2.7069, 1.38794, -0.259241, -0.462378, 0.875134, -0.142641, 0.0424514, 0.743404, 4.42335, -0.809888, 2.82003, -13.0104 )
